1001004002
1009004005
1011006000
1020006000
1020006001
1020010002
1030100000
1030402000
1030402001
1030402002
1030402003
1030402004
1030402005
1030502002
1040001001
1040009102
1040100000
1040100001
1040101000
1040101001
1040101002
1040102000
1040103000
1040103001
1040104000
1040104001
1040105000
1040105001
1040105002
1040105003
1040106000
1040106001
1040106002
1040107000
1040107001
1040107002
1040107003
1040108000
1040109000
1040109001
1040300000
1040300002
1040300003
1040300004
1040300005
1040300007
1040400000
1040400001
1040400002
1040400003
1040400004
1040500001
1040500003
1040500004
1040507000
1040510001
1040510002
1040510003
1040600000
1040600001
1040600002
1040600003
1040600004
1040601000
1040601001
1040700000
1040700001
1040700002
1040701000
1040702000
1040702001
1040710000
1040710001
1040710002
1040710003
1040710004
1040710005
1040710006
1040710007
1040710008
1040710100
1040710200
1040710201
1040710202
1040711000
1040712000
1040712001
1040713000
1040713001
1040713002
1040713003
1040713004
1040713005
1040713006
1040713100
1040713200
1040800000
1040800001
1040810000
1040900000
1040900001
1040900002
1050001000
1050001001
1050001002
1050001003
1050002000
1050002001
1050002003
1050003000
1050004000
1050005000
1050006000
1050006001
1050007000
1050007001
1050008000
1050008001
1050008102
1060000000
1060000001
1060000002
1060001000
1060001001
1060001002
1060002000
1060002001
1060002002
1060003000
1060003001
1060003002
1060003003
1060004000
1060005000
1060006000
1060006001
1060007000
1060007001
1060007002
1060008000
